12350 8:29:38 7 9587:4583 15 2 218 445.29988 [7,5,4,9,1,8,6,3,2,10]
12342 8:58:31 10 -3289:3601 12 2 172 277.20208 [3,10,2,6,8,9,7,4,1,5]
13273 5:08:00 4 229:5238 13 2 59 32.61697 [2,5,6,10,7,8,4,3,1,9]
12434 19:18:58 2 8076:6400 6 2 40 14.992 [1,7,2,5,9,6,3,10,8,4]
13494 15:23:55 5 -3747:-4077 15 1 109 111.32497 [9,8,2,3,1,10,4,7,5,6]
13602 3:13:11 6 -5576:-5417 5 2 164 252.01552 [2,4,9,3,1,10,6,7,5,8]
12722 7:16:31 8 8250:2083 17 2 175 286.95625 [4,7,9,6,2,10,8,5,3,1]
13705 22:57:48 5 9587:-4107 7 1 165 255.09825 [2,1,8,3,9,10,5,6,4,7]
13591 0:43:27 3 3600:6339 11 1 140 183.652 [2,1,8,7,6,9,4,5,3,10]
13714 18:14:22 8 8989:-6280 8 2 95 84.56425 [7,4,2,1,8,10,9,6,3,5]
13692 16:51:15 7 -3184:833 14 2 128 153.51808 [8,7,3,2,4,9,6,5,1,10]
13019 19:35:30 7 -9587:-5268 5 2 193 349.02313 [2,5,1,9,8,3,7,6,10,4]
12452 22:07:22 4 -4626:-4821 18 2 90 75.897 [9,4,7,6,3,1,8,2,10,5]
13315 8:51:10 9 9727:-4821 19 1 117 128.26593 [6,7,10,9,1,2,8,4,3,5]
12504 15:30:10 8 2304:1071 20 2 166 258.19972 [5,1,6,2,3,10,8,4,7,9]
13128 16:39:11 7 -9446:-5357 5 1 193 349.02313 [4,9,2,6,7,1,3,10,8,5]
13319 3:29:48 8 1319:893 16 2 98 89.98948 [4,7,5,9,6,10,8,3,2,1]
12934 18:54:48 9 9622:-4762 19 2 52 25.33648 [7,1,4,3,8,9,10,2,5,6]
12329 20:44:00 3 -8391:-3571 9 2 155 225.11425 [10,1,7,5,2,4,3,6,8,9]
12440 3:55:22 2 -3113:3512 12 1 140 183.652 [5,3,4,1,9,8,10,2,7,6]
13282 5:49:46 8 4134:-5833 10 1 175 286.95625 [5,10,4,2,6,3,9,8,1,7]
13173 8:29:15 6 3008:3661 4 2 152 216.48448 [6,4,9,7,8,1,2,5,3,10]
13136 16:26:58 3 475:5238 13 2 212 421.12528 [5,2,10,1,6,7,3,4,8,9]
13781 16:51:28 4 -4556:-4732 18 1 115 123.91825 [8,1,10,5,6,9,3,2,7,4]
12857 16:18:08 5 3500:6339 11 2 144 194.29632 [1,4,5,3,10,7,2,9,6,8]
12430 8:44:37 10 -3958:-6548 1 1 202 382.33348 [5,8,1,9,6,2,3,4,7,10]
12321 9:21:57 9 -3395:2738 2 1 168 264.45888 [5,2,9,6,3,7,4,10,8,1]
13357 20:17:53 4 -7933:-3810 4 2 136 173.30752 [8,10,2,1,7,5,4,6,9,3]
12898 10:53:54 5 -8109:-4464 3 2 91 77.59297 [10,8,9,2,3,1,4,7,6,5]
12459 16:01:45 7 9376:4435 15 2 42 16.52868 [4,7,5,3,2,9,1,8,10,6]
